
13564
22684
38007
39214
45432
38362
45861
46617
52765
52472
47569
47711
50565
44874
50133
49811
47258
47246
47210
47181
44661
44697
45945
46387
46588
46849
46868
47017
47029
47137
47160
47211
47092
48633
50610
46782
49577
48009
49563
49407
48798
48955
50210
51681
48901
45296
48590
57097
57849
57374
45025
60684
61089
60471
65800
61914
64798
41121
61953
66739
70440
55348
39962
43831
47708
68782
68888
76110
70840
68496
68256
66948
60295
72598
64914
74916
67274
64283
65329
74668
59433
60864
69150
61881
59079
58724
58292
49647
43545
40266
49627
46552
48586
41042
38519
53915
54969
48330
53191
48911
47644
46449
46103
46356
49143
39336
47786
50222
43164
46918
42619
36030
54156
42296
41194
42763
34894
34881
41364
44140
