
14507
28529
32721
31177
33693
37237
41056
42846
43754
44878
48828
49608
50015
50102
52635
49987
50467
50424
50517
50914
50521
46894
48418
49729
49463
52654
50566
51192
52976
53149
51712
52890
54405
52387
52020
52402
52108
52029
56266
53657
53327
52965
54394
56119
57894
59692
58619
59802
61937
64051
66982
61780
42799
43887
37784
39098
36837
35789
37922
73325
36452
34116
69314
37894
36774
39156
50650
36121
31019
42781
63026
67689
70677
68381
70101
72378
75779
66702
40123
30016
39187
33143
41790
32552
46194
31245
34839
34881
33596
32416
51270
43486
36949
54730
41632
41402
51853
33998
42152
34655
35368
33415
34683
35013
39561
40377
38877
32113
41470
49272
39473
38109
32526
33194
43204
32999
31828
33277
29105
45508
