
13908
26055
32464
38200
46332
49306
50251
52875
50950
50893
47634
47711
47764
50514
47785
47784
47665
47626
47637
47540
47135
46216
46057
46587
46715
46912
47109
47387
47609
47761
47851
47828
47957
48012
48045
47848
47809
48584
47783
48434
52574
50894
50991
51149
53288
53585
49967
49159
52605
55883
53697
47881
60629
50632
45308
60549
49864
57933
45879
68752
63729
64887
71345
46712
53156
52345
72638
44184
44162
50509
46272
72483
51491
74679
73404
77669
76603
79157
77583
49437
46012
43845
67297
70141
74519
44768
43918
45562
63544
49670
74421
75689
63263
69495
45025
43525
57529
48150
61780
45931
48221
63792
43815
70552
43546
62276
70825
47001
49445
44532
63671
71845
43250
46442
78361
48053
65733
50228
49797
57417
